0 0.24825 0.654203125 0.15115625 0.400796875
0 0.407484375 0.7191562499999999 0.13974999999999999 0.55265625
0 0.12640625 0.549484375 0.106671875 0.30840625
0 0.7485937500000001 0.718671875 0.16595312499999998 0.37071875
0 0.7112812500000001 0.887046875 0.18896875 0.2185
0 0.424359375 0.45296875 0.092484375 0.228296875
0 0.283828125 0.5314375 0.08089062500000001 0.257625
0 0.16509374999999998 0.52915625 0.06637499999999999 0.27975
0 0.52525 0.44281249999999994 0.058640625 0.242734375
0 0.630140625 0.267125 0.020328125 0.061750000000000006
0 0.657625 0.27171875 0.02190625 0.06528125
0 0.167578125 0.408734375 0.05639062500000001 0.09762499999999999
0 0.27803125 0.378140625 0.046234375 0.14825
0 0.342984375 0.358734375 0.03775 0.12281249999999999