0 0.37234375000000003 0.383234375 0.07082812499999999 0.29489062499999996
0 0.293984375 0.40387500000000004 0.09171875 0.324671875
0 0.284203125 0.162609375 0.034687499999999996 0.127046875
0 0.5428437500000001 0.0471875 0.029859375 0.08896875
0 0.844140625 0.386234375 0.060312500000000005 0.214015625
0 0.24792187499999999 0.184109375 0.035984375 0.1105
0 0.8805624999999999 0.8041874999999999 0.166609375 0.34195312499999997
0 0.9293906249999999 0.640203125 0.10020312499999999 0.13899999999999998
0 0.238234375 0.5667500000000001 0.120234375 0.36709375
0 0.21090625 0.411546875 0.081171875 0.17779687500000002
0 0.16775 0.287578125 0.045640625000000004 0.1290625